265,52
265,51
265,50
265,49
265,48
265,47
265,46
265,45
265,44
265,43
265,42
265,41
265,40
265,39
265,38
265,37
265,36
265,35
10,193
10,131
10,263
10,305
10,279
10,21
10,29
10,289
11,29
11,27
11,25
11,11
11,24
11,22
11,19
11,9
11,18
11,17
11,16
11,15
11,21
11,14
11,12
11,10
11,13
11,8
11,6
11,7
11,5
11,1
10,301
10,295
11,2
10,258
11,3
10,245
10,228
10,222
10,221
10,213
10,212
10,208
10,207
10,197
10,196
10,194
10,191
10,181
10,175
10,173
10,168
10,166
10,153
10,152
10,119
10,92
10,90
10,76
10,69
10,65
10,22
10,10
10,5
10,3
10,2
10,1
9,7
9,6
9,5
9,4
9,3
9,2
9,1
8,18
8,17
8,16
8,15
12,2
12,1
12,3
20,2
20,1
20,3
19,2
19,1
8,14
8,13
8,12
8,11
8,10
8,9
8,8
8,7
8,6
8,5
8,4
8,3
